100414680159938416641 1
100415333706245484546 1
100415333666231828480 3
100415333607784194049 1
100415333452490108928 1
100415333101271674880 3
100415333550087352320 3
100415333295195308033 1
100415332817951027200 2
100415332724820688896 2
100415332720097501184 2
100415332778889080833 1
100415332564446892033 1
100415331799133200384 1
100415332263555907584 1
100415332262637350914 2
100415331499861225472 1
100415331742619144195 2
100415331496384528384 1
100415331168062410752 2
100415330783612899328 1
100415330995911393280 1
100415330900251914240 1
100415330786640814080 1
100415330522471333889 1
100415330836372652032 1
100415330340686028801 1
100415330449175879680 1
100415330194518327296 1
100415329763822026752 1
100415329595479433216 2
100415330126146985984 1
100415329551024013312 1
100415330333475622912 1
100415329769975054338 1
100415329470128848897 1
100415329452889882624 3
100415328895156510720 2
100415329110244601856 1
100415328842178236419 1
100415328387062697984 2
100415328846578077696 1
100415328551370362881 1
100415328287087276032 1
100415328375536766976 1
100415328164525514752 2
100415328137702961152 1
100415327974054195200 2
100415328125229494272 2
100415327848719609856 1
100415328010896949248 1
100415327443390439424 2
100415327373396303872 2
100415327830851870720 1
100415328135177977856 1
100415327680293113856 1
100415327332195266560 1
100415327121649569794 1
100415327007363182592 2
100415326741994168320 1
100415326743223083008 1
100415326149565112320 2
100415326743638319104 1
100415326404189126656 1
100415325736367452160 2
100415325183738531840 3
100415324642765582336 1
100415325309282844672 1
100415324925587886080 1
100415322364167991296 1
100415324000915447808 1
100415322758147350528 1
100415322774995890176 1
100415323090470436864 1
100415322929836982272 3
100415322908588666880 1
100415322294903246848 1
100415321908318437377 3
100415321868590018560 3
100415322050819936257 2
100415321732002488320 2
100415321645775994880 2
100415322070621233152 1
100415321208037466112 1
100415321499260559360 1
100415321560900059138 2
100415321419652665345 2
100415320643849031680 1
100415321003825192960 1
100415320975425564672 3
100415320818625675264 2
100415320443533291520 2
100415320748220088320 2
100415321413197631489 1
100415321177859448832 1
100415320296388706304 1
100415320028733399040 2
100415320022383210496 3
100415319975239221248 2
100415319652403666944 2
100415319511055605760 1
100415319493355634688 1
100415319476607807488 1
100415319394172936192 2
100415319245799452672 1
100415319019601002496 1
100415319004169768960 1
100415318953720680448 3
100415318876306432000 1
100415318864969613312 2
100415318796727906304 1
100415318400152256512 1
100415317897418797056 1
100415317805920055296 1
100415317776207605760 1
100415317715457298432 1
100415317662873296896 1
100415317445994225664 1
100415317341048553473 1
100415317248216014848 1
100415317137775804416 1
100415317060156022784 1
100415317010026082304 1
100415316996369027072 1
100415316913837723649 1
100415316738402574336 1
100415316702985854977 2
100415316677262192640 1
100415316607729025025 2
100415316569212719104 1
100415316553232433152 1
100415316484051582976 1
100415316495552352256 1
100415316113887465473 1
100415316083286220800 2
100415316076956635136 1
100415316007528304640 2
100415315820504289280 1
100415315965279096833 1
100415315344152997888 1
100415315341770637312 1
100415315356211630081 1
100415315194915479552 1
100415315328105607168 1
100415315037343870977 2
100415314354154635265 1
100415315163487555584 1
100415314783160643584 1
100415314873916997632 1
100415314268490174465 2
100415314268297240576 0
100415314175418593281 1
100415313811860512768 2
100415313724803518464 1
100415313908736344064 2
100415313653982691328 0
100415313575914115073 1
100415313523497918464 2
100415312603410202626 1
100415313404362887169 1
100415313342144581632 1
100415312568920453121 1
100415312596904865792 1
100415312200480206848 2
100415312163624853505 2
100415312025729118210 1
100415311893155160064 2
100415311942350163968 2
100415311396809633792 3
100415311483442970624 1
100415311360763785217 1
100415310874601979904 2
100415310838363222016 1
100415311124565721088 1
100415310399844532224 1
100415310849566179328 2
100415310730678636544 1
100415309480042450944 1
100415310048613498882 1
100415309300064468992 2
100415308593554935808 2
100415307826001481728 2
100415307483708940289 1
100415307244457054208 2
100415306534340419585 1
100415306857230524417 2
100415307248504545280 1
100415305197968044032 1
100415304755640926209 1
100415305151868436480 1
100415304723646803968 1
100415304633829957633 1
100415304675148054528 1
100415304304166060032 1
100415304510710743040 2
100415303600563187713 1
100415303496762523648 1
100415302969211359232 1
100415303018712559616 1
100415302938039705600 1
100415302579854524416 2
