109436037633722949632 2
109436037586872578048 1
109436037382219919361 2
109436037680908869632 1
109436036985484898304 1
109436037255342215168 2
109436037223817830400 2
109436036869273305088 2
109436037223889108993 1
109436036988295069696 2
109436036630730665984 2
109436037189294505984 2
109436036728856379392 2
109436036814269186049 1
109436036778609238017 2
109436036433950695424 1
109436036527118753792 2
109436035746374238208 2
109436035700707057664 2
109436036610430218240 1
109436036265020891136 2
109436035641470492672 1
109436035959163846656 2
109436035485228474368 2
109436035372959952896 2
109436036075752914946 2
109436036928756912128 2
109436035385630949376 1
109436034719495360512 2
109436034223896424448 2
109436034992682983426 2
109436035086790983681 1
109436034447884836864 2
109436034136919126016 1
109436035143669538816 2
109436034260676255744 2
109436034358898462721 2
109436034203226865665 2
109436034209900011520 1
109436034009626574848 1
109436033489754783745 2
109436033844316491776 2
109436033542120669186 2
109436034007717785600 2
109436033526543032321 2
109436033439972614144 2
109436033244971020288 2
109436033408087490560 2
109436032865013231616 2
109436032790182653952 2
109436033106248609792 2
109436033329196830720 1
109436033030033928192 2
109436032879328378880 1
109436032589590462464 3
109436032493917990912 1
109436032707261259776 2
109436032108453036032 2
109436032535168970752 2
109436032320433168384 2
109436032434228850688 1
109436032047195230208 1
109436032358987210752 1
109436031986327515136 2
109436031851791011840 2
109436031740675493889 2
109436031574639788032 1
109436031715119607808 1
109436031313183641600 2
109436030812840927234 2
109436030798529961985 2
109436030561371426816 1
109436029952043929600 3
109436030261101203456 1
109436029717133926400 2
109436028984694808576 1
109436028913332928512 1
109436027105294303232 1
109436026927967526913 2
109436028383642669056 2
109436028111923453952 1
109436029690403225600 1
109436025936018825217 2
109436026297001586688 2
109436026326617575424 1
109436026160753815552 2
109436027135476510721 1
109436025935133806592 1
109436026428971155456 2
109436030231904665600 2
109436025891596931072 2
109436029296390311936 2
109436026411002757121 1
109436025672536821760 2
109436031160334839808 1
109436025068460589056 1
109436025692019384320 2
109436031275325849600 1
109436027570300002304 1
109436025125045940224 2
109436025126891446272 2
109436025366595915776 2
109436025753075863552 2
109436024936017035264 2
109436025287730421760 2
109436025067995004928 2
109436024886759555072 2
109436024892098502656 2
109436024566490484736 2
109436024617048633346 2
109436024334235103234 2
109436024170036486144 1
109436024375293120513 2
109436024244321804288 1
109436024117620244480 2
109436023846689185792 2
109436023921125519360 2
109436024065791250432 2
109436024162323165184 2
109436023134987104256 2
109436022626805227520 1
109436023046483083264 2
109436022524753633280 2
109436023629063536640 1
109436023583769251840 2
109436023618753937408 1
109436022247354925056 1
109436022594177757184 2
109436021743455457281 2
109436021568515239936 2
109436022667775201281 1
109436021462730682368 2
109436021420636651520 2
109436021160677888000 2
109436021986444079104 2
109436021099076145152 1
109436020980175994880 2
109436020858713567232 1
109436020788622159873 1
109436020129734742017 2
109436020700269142017 2
109436020772239200256 2
109436020211104247808 2
109436019884778983424 1
109436019882551824384 1
109436020374011006976 1
109436020085476433921 2
109436020553632477184 1
109436019934674448384 2
109436019554917957632 2
109436019593006424064 1
109436019280484659200 1
109436019098799976448 2
109436018889554534401 2
109436018870046842880 1
109436018311013228544 2
109436018957602942977 1
109436018296102477824 2
109436018712026419201 2
109436018107023638528 1
109436018089885315072 1
109436017964119126016 1
109436017788319039489 2
109436017638204903424 2
109436017524501516288 2
109436017751102984192 1
109436017466716590080 2
109436017284008513536 1
109436017133374300160 1
109436017182959353856 1
109436016762920771585 2
109436016927920508928 2
109436016708445155328 2
109436017631221399553 0
109436017208481689600 2
109436018201252491264 1
109436018117626851329 1
109436016720851910656 2
109436017003824832513 2
109436016668146298880 1
109436016660130967552 1
109436016442107240448 2
109436016303380262912 1
109436016375694258176 2
109436016373961981952 1
109436016192789024768 1
109436015720766246912 2
109436015869622116352 1
109436015676814155777 1
109436016005798576128 2
109436015642156625920 1
109436015584933707776 2
109436015410576506880 2
109436015216581550081 2
109436015144414371842 2
109436015290896236544 2
109436014974679265280 2
109436015372718706689 2
109436015116962631681 2
109436014775126872064 1
109436015018451025920 1
