110436007755069935617 1
110436007737814577152 1
110436007524823621632 2
110436007473103659008 1
110436007260230123521 1
110436007331479166976 2
110436007335400439808 1
110436007383018790912 1
110436007459220516864 1
110436007181184688128 1
110436007023457472512 1
110436007089941782528 1
110436007222787592192 2
110436007055225151488 1
110436006983867461632 1
110436006957804027904 1
110436006855400116224 1
110436006843119177728 1
110436006828862746624 2
110436006943249817600 2
110436006573475762177 1
110436006743345094656 1
110436006469851312129 2
110436006456299888640 1
110436006631596232705 1
110436006276242624514 1
110436006214976024576 1
110436006232537976832 2
110436006176572981249 1
110436006027289702400 2
110436005959442255872 2
110436005727694368768 1
110436005935471816704 1
110436005696803328000 2
110436005650259132417 1
110436005597696114688 1
110436005488027635712 2
110436005570118549504 1
110436005478787600384 1
110436005161501081600 1
110436005401738235905 2
110436005307718717441 2
110436005019054125056 1
110436005125375545344 3
110436004736224231424 1
110436004654728478720 1
110436004689344081920 1
110436004642254622721 1
110436004486251675648 2
110436004483231805441 1
110436005026662588416 1
110436004247742603264 1
110436004861478305792 1
110436004207876120577 1
110436004179274784768 1
110436004149562339329 1
110436004863877447681 1
110436004718272192512 2
110436004901089325057 1
110436003918049705984 1
110436004676664696832 2
110436005133483114496 2
110436004730024632322 1
110436003530676006912 2
110436003665707429888 1
110436003120175271936 2
110436003339914866688 1
110436003030253580288 2
110436002937609801729 1
110436002948204609536 1
110436002854969438208 2
110436002831590371328 1
110436002813785550848 1
110436003192715739137 1
110436002783603335168 1
110436003029943205888 2
110436002746223706112 1
110436002664703221760 3
110436002362319044609 1
110436002416522051584 1
110436002839895093248 2
110436002362658783234 2
110436002620574949376 1
110436003153763258369 1
110436003133429272576 1
110436004104574210048 2
110436004434783399936 1
110436003368025456640 1
110436003400170217472 1
110436002292119384064 1
110436002278516862976 1
110436002273731153920 1
110436002331197325312 2
110436002169523675136 1
110436002186363826177 1
110436002058609512449 3
110436001961721073664 1
110436001872470487040 1
110436001825024516096 1
110436001852426301440 2
110436001666760847360 2
110436001435688267776 1
110436001434945851392 2
110436002076754055168 2
110436001309074812928 1
110436001301194108928 2
110436001012759814146 1
110436001410342060032 2
110436001239881379840 1
110436000861492232192 1
110436000617220149249 2
110436000879871684609 2
110436000901954695168 1
110436001675648585729 2
110436000419190292480 2
110436000306912964609 1
110436001063523450881 2
110436000317340020738 1
110436000294577516544 3
110435999860643201024 1
110435999848899166209 2
110435999992138842114 1
110435999884865306624 1
110435999671069057024 2
110435999518060867584 1
110435999590345474050 1
110435999473710272512 3
110435999450025046016 2
110435999538956886016 3
110435999471571202048 1
110435999389715156992 2
110435999462222090240 1
110435999421356969984 1
110435999804619898880 1
110435999227635056641 2
110435999357444558848 1
110435999186979282944 1
110435999168213966848 1
110435999191085510656 1
110435999096038359040 1
110435999092661960704 1
110435999139503935488 1
110435999082880839680 2
110435999056926490624 1
110435998970670620672 3
110435998923098836993 1
110435998582529720321 1
110435998908309716993 2
110435998600472969216 1
110435998419987881985 1
110435998766831640576 1
110435998421317459969 1
110435998483036659712 1
110435998366602764288 1
110435998290316775424 3
110435998310605025281 1
110435998256254816256 2
110435997996262494208 3
110435998082463838209 1
110435998238433234945 2
110435998042840248320 1
110435997883829981184 2
110435998027791101952 1
110435997820873895938 1
110435997467906043904 2
110435998218170560512 1
110435997581181599744 1
110435997737213906944 1
110435997730364612608 1
110435997562344980480 1
110435997654296702976 2
110435997355486093312 1
110435997291258724352 1
110435997285508317184 2
110435998941356642305 2
110435997093207896064 1
110435996963578716160 1
110435997098383663104 1
110435997049876520960 2
110435996872311054336 2
110435996820569747457 1
110435996817021345793 1
110435996857597038592 1
110435996791603863553 1
110435996736805273600 1
110435996754673012736 1
110435996746800304128 2
110435996509117501440 1
110435996658371801088 1
110435996439219417088 1
110435996506030473217 1
110435996389730816000 1
110435996337210155008 2
110435996235343073280 1
110435996303550853120 2
110435996625522016257 1
110435996346818904064 1
110435996313424252928 1
110435996285888237568 1
110435996145756565504 1
110435996223657353216 1
